%YAML:1.0
---
ch0_min: 0
ch0_max: 6
ch1_min: 21
ch1_max: 255
ch2_min: 68
ch2_max: 255
N: 1
