%YAML:1.0
---
cameraMatrix: !!opencv-matrix
   rows: 3
   cols: 3
   dt: d
   data: [ 2023.2329032870261, 0., 958.49502393734497, 0.,
       2021.6746169188152, 529.2495444823337, 0., 0., 1. ]
distCoeffs: !!opencv-matrix
   rows: 1
   cols: 5
   dt: d
   data: [ 0.31215187203522604, -2.1641830519841125,
       0.0017040151414905464, -0.00021083289974895364,
       4.9373246608550936 ]
imageSize: [ 1920, 1080 ]
