%YAML:1.0
---
cameraMatrix: !!opencv-matrix
   rows: 3
   cols: 3
   dt: d
   data: [ 1364.4685699244719, 0., 800.12575405808388, 0.,
       1362.466857486754, 630.51849026086893, 0., 0., 1. ]
distCoeffs: !!opencv-matrix
   rows: 1
   cols: 5
   dt: d
   data: [ -0.015661753972647498, 0.32363895954314925,
       0.0012723374454854696, 0.00066213899943668168,
       -0.64130276281201681 ]
imageSize: [ 1280, 720 ]
