%YAML:1.0
---
cameraMatrix: !!opencv-matrix
   rows: 3
   cols: 3
   dt: d
   data: [ 1663.7752688714756, 0., 961.6610011682784, 0.,
       1669.0466326601609, 513.86708339023266, 0., 0., 1. ]
distCoeffs: !!opencv-matrix
   rows: 1
   cols: 5
   dt: d
   data: [ 0.28235899387001884, -1.9331628887742127,
       0.002125733822372028, 0.0014627630015365521, 4.0898990392436652 ]
