%YAML:1.0
---
cameraMatrix: !!opencv-matrix
   rows: 3
   cols: 3
   dt: d
   data: [ 1619.5965211811822, 0., 947.95041316584968, 0.,
       1618.9937431473854, 502.67395253659316, 0., 0., 1. ]
distCoeffs: !!opencv-matrix
   rows: 1
   cols: 5
   dt: d
   data: [ 0.14142013475418361, -1.1229029742776171,
       -0.00087253170151991167, 0.0023680395588890442,
       2.9606283966248448 ]
